$ANSIBLE_VAULT;1.1;AES256
66623066646234333063396462636539353336363036646231666230393964653161313366636231
3765323432663534636339373237326134396332303063630a393935626139333335376661333736
38656664336563666536356636326135333039623336356533613766633366366264653964616137
6233633333353463640a393061326237623133363234386266333735666137373239613266376261
34306435636139383765316565356432393430336533663235616430346666336365323339633735
30303338353938626362326664613065303264396231353930346431363165316564343334306639
30343831373338626362356564383163313133383766643262313938316564396663646166353231
65653332363438613332643533633139616366313235363064633962306334623566373834383261
31326336386136346334386532613135333530643738663534396365336539396539613763616466
36353935336464396234643336373939356261336334313736373366653034373461343365646263
38323239656232306665303737623861303562646237373535323462326363356563643638363761
35313337343937333237356339363466353965653162623138613239383235376165336235623432
38616464366262303335623266353361303537326161303964623736646663306634366663386262
30323066343266636365653534333034333235363138393265383730613530626463313662623138
62316364636637363336613730303434643632306336303036346430623164376262623633386137
39323466363532303261366463313838396137353062623863353838306161383066653930613266
33366434336635316139386631376661383531303834666139343430336164643539616232663330
37643361393761633438393032343432316134393631613962623339623633316265663665386161
30663033653734343564646539343465663265353632343731643863613064623431373637353735
35666563356366343130666464343635383930656463333263616239386432633161653834376634
30376431636536326636613038353035373131323630326263383131396561663138336262386530
37373030326538376263393538666261343437333537353938303861353866653339653435363238
35636331373530376135343839316131313637323766373833323761613734353766653836343663
38373438363863333862393135643263343264653030366431396239653965363833313761343934
61343330383563653930633038633064313962623338393132336432376537613435366163663362
64656336353865346238626238383064623936633063323634326263636563353838326138336239
64363039303135373564343139643037653765333061396131366331363837656665386563346362
38376263316163633637363038663264653131383333643832343866613665323064633932646365
31383831303164643230346361313464633765666364393263326236373238393433633633623435
64383338616366626632346262653065643634303861303038383363346234306364333261323333
64353636656630653238396264363634376461666565383136386138613266656633653265363935
66383835313833353436616633383561663335336633373639613732613732313730333632333463
35356336313665613635653330353635633036333130323232346661343330363161336331626135
39353630306332663930326339663937623433386663613261333234613165623632366539666462
31643861396365646334336132356135643437613265636465303863383330363934323233666362
61626135303766396233306264326138303237323830303038313565396630623961663233343561
36656162313865656336643633643362303239616436306135383130333966643736653332623139
66343235636635373138666631376464396233316632373837346366646330666261666139666639
61313235313062643534363237643337623462343237316465303663663362663032303235366631
36643464666133323332336565386339633730323738393235633764663034343534613330346266
38306238653665383635356331613338396364386430303731313761613933653266643932396630
62643537623434336431633264646230653435646335366436623161343037343062613739346466
34633166333134316631633933316638373236646661373339396366343036646162393239653233
66616163326362346565363836383535353663303134346566393834333533343531303031616630
32343533613134376362393630353633613762333732303765613530346161323237633638333835
61326638306435626431346335613930303631393036373666373561616131343237336635393635
65386639623963353931383231623035313937396630353336346437323762356136313132626532
31353061613262613533653435623931316238613034393963333163623532613162326664326362
38326630313663343462653937346265636136383739633538393462323063643831613732336436
35643731653633626437306439633137636361623438623338623031303862643062373861366431
31666630316431366330633766623666393631343433613832663263306661383864316562306238
61623762663864623735626365303030323763396631386230636339623339303338393464306235
65323563356161306364326132353163636130303063613864313861303333666461653563633265
65663333373237323935356238653239303961336435336232323037313133633362623430656330
66653632333038323564386461633238376635393238373763643431613936623136336430643139
39623865653562316334343765343638383566393337623366373131303063313364396432303739
38353064626362336363643639313539363939343833623137383937333438646161643236626364
33313265346134353261623839356433353832326566343161353831363536303665346263646636
62623939393734353231346333633336643436303032663262396361613361666234356165626264
31303033313131616635646134376632386135366635396134346530376162666334376266393364
33326633306236366138653931643964623435646331303764363461636163666134363136366361
32356338353536636438613262336135323464303561313032653433366265396336393834393063
33663865313533396632663936333330313763336637333735363561363736623437646332326664
34336464353662326634316566303430626137393361656437646338373133616233386433353831
66373937616635363933656434653236323064393737656364643866643432656362356136383766
61396338393430366465303939376162616438343764353934386466316261343638353262633335
36303561303033323632663062663532383962363434316533346262663434373735633034306266
62613138636430373632326363636566326432396432373835616537383262316563346338333435
33646632643965343339653463663334643332376636666264373763656136613039356231616333
39303863333738653966356439636361646430636530383031313337666465653634646361636436
38383038316531326464663365313238366335363439633639643766356437626539333736353337
65646136616335383632343639386338373631643965383464613832646136323966653631626162
38623938316435363366616434653061363162383436343230633937353235643432623931326431
33343531316664376530666366306233316533326163323139323161316266313038383932666237
62343533303236313462393239336262353733616138326165643966313939643839316466663861
38343561356532303239383835333135636433363561383861383737366131303165393132363738
37646333613865316531643934663030363839363239393039303864393337346363393938373861
65383061383331346563363337336636323063383837613337303462396533333739386263333565
65626563613266353663306136666138346161306537346535303737366265636630393330626136
63396135613961303761353731363737393533356339663032336439613462366162316363303134
63623364303863663734356634643034626437363732643265323564346238303363613537616435
66323138646230383062633039326338333966383232666665626132636461666532646338636439
30653763356634653039333661633163306338313734623236373932623937613330366230616133
63363965656631313863323862633066636463356234646335616166666666643861626532613439
37336335393836353636626534636630653438343031633035303266313162353464663166346363
36363261376666336661663035333331663262623761306366343035636630616562643734646330
35623534323833653030366666623762336464666637316161383434623464373363366537363733
61363836373932363032353835373734623164353862363565663362333236623537353166346432
66383562636632623138646639383534376465623364326630336165323837393764643862346132
31336438636237353639353034373362643364656463326137326432623034343737326265653331
66333432333536646339613936366439333636373961633661376664383039393165616136386533
33313038643937356332313364363136636266663330363561333232313365326339646134313138
38323433353833333261316232393264396137666538663463383935356562653066353933393432
39366133373964616534626135623937326230613864396633623531663865623661663234616266
66313337633939636637633163333731366535653366333532323234646435656562393138323665
32313764613164373664333263353736376233636537653761333061356334333937613264393161
34363638356565326131373036346135313965376264613066303734313336386130613164326634
39343635653863353730633134393831363761393433616137656361316265353237383539653962
35353437353133376463343935633030383464323332653634636565383931636638353963376262
36653931303534346237353137646562653738613663313331366433616134366664656332393030
31343533646231303231613838646562316639666637663932393566616162353036376132346234
64313332633039336239366133633334376466376363303531616638666466393633336432333332
62396464303532303064646632353433363965383032316566386565313065396365396137626230
62373461663566303062613532363039313934336462653166656233386634376237633764373037
36633565303864303063316438333863313165376336623436373562623061393463306663633932
37376335633332396262626466373131653666303236623563303766643061343866313934653562
61393862333538653236633737343230383435326332353430633933386637353739326431306433
35323433303861616139663933363765653539633962393232636464633366346138343364656338
63393831663261393463363563316232633962363163336664306137623833336162396537323430
30376639646532643837333735376139636438396131396266323636616636343436376333646636
62653035616330653938613233626261353432656637393734336266306364333566336133666163
61663738376538653866316330376164633964333334333634363163316336323666336432353235
34376164646530313835383832333434366231313939306361616665653962336635646466303063
30306132333663663965383633633265376230613164383135363638656534373838653361613465
62326135366462643031623037643961666534376263333064303030393238316263623535343838
36323464366235363139653233306532613863333739363264346462303532646630303739653138
38663738303665666431383263633132643730373531633435653030653735636664386464313462
34373765363561623864316138396462373565666435333837623035656161633062326335616162
64396332323437623530336165646165366230623635616562356231373535353235653831336236
61373834343563663235633965633164353665353134366161333666396264353639396339643533
37373534343933656164626336613337633330373031383339356433376337343965663537353438
63623535353536633764363262663733376662356537646633323537393464323438623864323564
31643630626539636130383938663162623965383465333731346163303361373831663764303632
32323735303766623966356639636664343932343135303965366432646138613265646531646531
61626337303361363736643062663465383036653066376361353264376437633338383836313539
39396638313332326565306232336261303537356136386131366665396532633131616564333330
36653861316662363236623834316137653933616133383964663039346134396235313665336435
34633231356231343062363938613335316362666565636138656239363233306163653662666364
61353431633138633337646233353439396364326261306361313731643030373563353838616634
39636564353539633964303434646464396663333334303834613238336638356265396138633734
39313838393663353362643136643662633636346338306438626439363938333961393134326536
31653139656231653064656435336361633439376230383735323634353732386236383862316431
64333330343366336636386530613337373034316434326638336136323835326233656263663762
35346666343830616665386232643365623034346465633234653661333932323135313733333133
39393362663964346138383834626666626438346132386462353366633435646337666332653832
35343239333032396633396232343266613530373364376337323063323663373864323265333066
31393433303862663330643237613037363337363562626537303364333332613936616563393864
63643563326632393666383032366138303437373731353235636531636561616236303135653736
63343765343934393561363063353665623834363731353539393032333538326239616661376533
65653031376662616433653563653130373739646236323232373630393136663236393433646637
37393861396231353462303963323564666464393337316331363431383237353066303632363563
63366638393665613238376362353039323939663162333264376562376365376465646262653938
36646532393763323861333637366634393466636137653563386266383261376335646163666366
32336363636337636465373963396563636366373535336264626130373930616439626162656430
30353231653963363561663164376163363962316337313532333233313739613661353266613131
32633035366231396437313133613938323839636438633063643063316462373734383432303131
32346339386561666437326132383164346137663932373664653634323635653538356162326330
31353533303730373566666336613865373832383031303638366231323866316365626334616633
32666339316237346364616238613462373464643965626537636161646465376432626431656365
39313336363135616530363536336436313730613166633039616435386536386232333363643332
38326139626162623237643062356237376235343565363436323730653034326131396436363238
32656131353563616461383235366362316436616166356136626664393335643262333335316131
63353932356338373761396361653362343262346235623631393163303135623465346439616366
65346563346333326436383461643461313936663266623663343430626232656234613536393439
63646430393564353639306366313366356139313538316630653837336464326130616139656666
63633835366635303935633438626562306564346266643932303731346331363035613366636637
64646366333863663062373862616237313964343033363239633735343333323235623336326532
35633831376661313430313963333330386465396338323232313535623461383363383538343666
38393731303038373933653336393766346366346439663663353030363232333230303731393035
64343839383161366136323934613863393061353539623263663564656531646436666135633938
66323135623830666339666234303039666231653033326531346563303666343230373937653136
63616631333464636131383134623133356461616463326531376632393035323565316666613637
33363864303463373132393162363234393339343439346136323937653065333636613132643563
64353831373362376237653639376230303839303163663638633838353164333336643563346238
37363762313730633161353033376139613663623362363861336264353662313464336463386432
37623965343833343930393336343863346430353336646436646336363630666237323866313833
63643533343861343432623962633966366633363230343338613632363537626462613665363036
31323233323037393266636563326566313034623235656233303636666531656335623663356531
66383761653432373535393232346563343334373464353864313938623066303537316331323230
62613931376362333839396539633863323536646462326139646335663132666634653632623365
63393839316239643761323131656236353737626432306331306365376262323665326532316664
31333361356261373938643961303561653164646666623664633536343234303161353733346638
61646262666138373162373330663731303432613036343834663362613065366434
